6296 5280
9500 3603
5611 7692
8070 4728
7927 8073
8573 3954
7041 5549
333 1306
9527 7138
1717 472
7116 7846
5924 7658
7372 9510
1549 4314
5215 1716
6995 1748
5351 1510
9202 2846
3925 961
5386 3623
3928 1851
3751 3958
1615 7320
4457 436
907 1142
5339 6173
182 4375
3884 1262
1927 3906
5621 5433
3532 7141
5003 8968
8165 8882
6195 556
4178 2090
292 1580
1889 8105
5424 4043
830 3504
997 9880
2404 8088
2462 6335
7596 2586
6491 2698
4482 5875
3015 8463
3782 8013
6895 8017
4924 1947
4036 9441
1020 9101
7205 4327
4721 9260
9115 8980
5211 5550
3638 111
2797 7615
6552 2451
5148 6745
2619 9394
4208 9629
7642 1985
2 7990
9936 888
328 1277
378 323
4649 7699
3310 3934
2914 9370
1271 2425
8887 8124
2090 1260
3711 1684
8428 4993
4386 8858
4839 7398
9382 4946
2935 2480
9719 5735
7012 9222
9544 46
4096 7389
1322 4192
9913 7405
9829 587
8711 7536
5147 8716
6751 7152
2145 8857
4067 1530
8927 2882
7827 8905
7736 8308
4043 761
6334 7454
3851 1054
4794 5877
6421 7946
1702 2467
3054 2685
220 7883
2950 8116
5267 5367
575 9700
1229 7411
6645 4641
9897 6507
4814 4471
1584 3984
1437 8856
6261 7917
146 1639
9584 1054
3521 6566
5602 7638
5520 2926
1041 2174
3892 4821
4520 2659
6422 4466
5459 2100
8606 3066
7536 1707
5691 9771
8627 9119
3388 7127
8766 1239
8645 3533
6450 4701
8690 8517
1442 2051
4224 4209
9029 8834
7844 8115
2581 9900
8351 4265
7330 4391
6097 3308
3079 1218
6688 1787
5266 8057
9295 6427
9959 383
1435 7939
2807 6408
4811 125
685 4248
9433 9034
7149 6066
2317 7277
7893 6081
471 668
3975 5223
2792 2919
1058 3405
1461 5831
2258 6323
3057 756
5046 8568
4976 843
7319 7853
8452 6138
5171 8004
421 7885
1513 8671
4751 9089
9756 9405
979 1573
4492 83
9839 3770
5953 5549
8223 1300
2055 8210
6777 7631
4825 3452
1304 8104
4241 2144
6499 9756
3992 5764
4434 6919
6007 5504
4908 9185
757 2115
8549 5887
9656 1600
3500 8387
9686 5608
169 8074
2056 8092
1544 3298
1401 6881
9024 2847
8954 1994
7757 5522
8792 2945
8448 2190
7726 4798
3264 9708
5594 4835
6434 1812
6551 1601
3561 6286
711 6236
680 3729
3378 2767
9647 2223
1421 4779
3124 5022
6895 6727
6023 7232
9421 5686
483 823
530 7147
1981 99
8262 6123
7723 4766
7403 4812
7400 7635
1364 8114
7232 8079
6653 4741
5871 3230
8251 4425
7503 5346
2577 5145
830 3526
4348 8350
5496 7664
4114 4877
7351 3828
4945 2376
7187 1425
9060 8700
6813 4586
9016 6775
7867 4044
3625 2020
2797 90
5435 1875
3371 299
3824 8012
6361 552
8215 4523
5751 8208
8387 8681
1056 3101
4526 9683
8382 8242
9180 9937
6711 1546
1941 4547
6567 4577
4666 5565
7439 9363
6013 101
4464 7161
7712 9837
711 7176
1735 2279
959 6462
9562 121
6155 2014
6607 439
375 4537
6082 5786
6685 7085
8014 8023
3587 3251
8965 2679
9131 7378
4538 4977
1165 9946
7121 8602
880 8228
4689 8855
5327 1838
203 602
1041 1482
6018 6809
8947 7767
1204 8451
2825 5631
5233 9217
8247 2764
141 4197
5525 7378
7323 1030
9631 3042
1269 796
9650 6862
8699 2309
2910 4977
2810 5253
2062 302
8069 8827
3629 1008
6638 9272
4840 6454
9217 8222