1
1 64
13
1 2 92
1 3 24
1 7 56
1 8 38
1 11 23
1 12 66
1 13 68
1 14 17
2 3 47
2 4 58
2 5 11
2 6 73
2 7 66
2 10 24
2 11 37
2 12 84
2 13 49
3 5 58
3 6 29
3 9 42
3 10 65
3 11 80
3 12 60
3 13 37
3 15 57
4 6 74
4 7 45
4 8 30
4 11 62
5 9 57
5 13 95
5 15 55
6 7 5
6 9 61
6 10 9
6 11 56
6 12 15
6 13 56
6 14 84
6 15 78
7 9 25
7 11 81
7 12 49
8 9 19
8 10 4
8 11 60
8 12 8
8 13 51
8 14 17
9 10 25
9 11 72
9 12 36
9 13 85
9 15 80
10 12 24
10 14 24
10 15 62
11 12 85
11 13 15
11 14 33
11 15 23
12 14 42
12 15 46
13 15 26